liubei	        0.01	0.01	0.01	0.01	0.01	0.01	0.01
guanyu	        0.01	0.01	0.01	0.01	0.01	0.01	0.01
zhangfei		0.01	0.01	0.01	0.01	0.01	0.01	0.01
zhaoyun	        0.01	0.01	0.01	0.01	0.01	0.01	0.01
machao	        0.01	0.01	0.01	0.01	0.01	0.01	0.01
zhugeliang		0.01	0.01	0.01	0.01	0.01	0.01	0.01
huangyueying	0.01	0.01	0.01	0.01	0.01	0.01	0.01
huangzhong		0.01	0.01	0.01	0.01	0.01	0.01	0.01
weiyan	        0.01	0.01	0.01	0.01	0.01	0.01	0.01
wolong	        0.01	0.01	0.01	0.01	0.01	0.01	0.01
pangtong		0.01	0.01	0.01	0.01	0.01	0.01	0.01
menghuo	        0.01	0.01	0.01	0.01	0.01	0.01	0.01
zhurong	        0.01	0.01	0.01	0.01	0.01	0.01	0.01
liushan         0.01	0.01	0.01	0.01	0.01	0.01	0.01
jiangwei        0.01	0.01	0.01	0.01	0.01	0.01	0.01
caocao	        6.68	6.76	7.31	8.10	7.04	7.43	7.68
xiahoudun	6.53	6.68	6.77	5.98	6.85	6.95	6.80
xuchu	        8.95	5.30	5.14	5.24	5.14	5.00	8.08
zhangliao	4.15	9.18	9.68	11.42	9.61	9.25	4.16
guojia	        5.00	7.27	9.94	10.92	9.40	8.21	6.01
zhenji	        9.73	9.05	9.34	9.62	9.22	8.76	8.14
simayi	        4.30	7.36	9.22	10.23	9.11	8.37	6.77
xiahouyuan	7.00	8.07	8.78	10.18	8.49	7.78	5.86
caoren	        3.65	6.31	6.93	7.47	6.81	6.31	4.83
dianwei	        10.65	6.32	5.69	5.09	5.50	5.81	8.66
xunyu	        5.10	7.51	9.76	10.73	10.15	8.21	6.45
caopi	        5.09	8.02	9.47	9.70	9.31	7.90	6.29
xuhuang	        10.58	10.59	9.05	7.76	8.97	10.36	10.13
zhanghe         7.00	8.07	8.78	10.18	8.49	7.78	5.86
dengai          7.00	8.07	8.78	10.18	8.49	7.78	5.86
sunquan	        9.00	9.00	9.00	9.00	9.00	9.00	9.00
ganning	        10.85	9.25	8.23	7.94	7.19	7.53	7.56
lvmeng	        5.42	6.76	6.55	6.23	6.35	6.17	5.48
huanggai	10.22	6.71	5.65	5.80	5.33	5.34	5.80
zhouyu	        6.57	6.97	7.97	8.40	8.08	6.41	5.77
luxun	        6.50	7.51	8.24	8.04	8.05	7.06	5.91
sunshangxiang	7.17	9.18	11.14	11.78	9.85	7.81	5.99
daqiao	        8.09	9.20	9.50	8.93	7.90	7.38	7.36
xiaoqiao	3.96	5.58	7.56	9.86	9.00	7.03	5.72
zhoutai	        2.40	5.61	5.78	5.44	5.80	5.82	7.62
taishici	7.40	8.68	9.80	10.10	9.78	8.32	7.98
sunjian	        4.01	5.40	6.41	7.47	7.60	7.31	6.62
lusu	        5.64	7.82	8.66	10.18	9.92	8.49	5.16
erzhang         6.00    6.00    6.00    6.00    6.00    6.00    6.00
sunce           5.00    5.00    5.00    5.00    5.00    5.00    5.00
huatuo	        5.40	7.57	9.55	10.04	9.88	7.40	5.09
lvbu	        9.36	8.10	7.49	6.46	7.61	8.12	9.04
diaochan	7.57	8.17	9.54	9.63	8.90	8.26	7.65
zhangjiao	6.09	6.51	7.55	9.12	7.61	6.36	6.05
pangde	        10.30	9.19	8.20	7.25	8.29	9.74	9.36
yuanshao	2.69	5.44	6.31	7.68	7.17	5.87	5.75
yanliangwenchou	3.38	4.75	6.09	7.71	6.77	5.92	6.05
jiaxu	        4.59	5.94	7.16	7.67	7.07	7.13	6.20
dongzhuo	4.54	6.31	5.96	6.05	6.39	7.07	7.48
caiwenji        5.00    5.00    5.00    5.00    5.00    5.00    5.00
zuoci           9.00    9.00    9.00    9.00    9.00    9.00    9.00
shenguanyu      7.00	7.00	7.00	7.00	7.00	7.00	7.00
shenlvmeng      7.00    7.00    7.00    7.00    7.00    7.00    7.00
shenzhouyu      8.00    8.00    8.00    8.00    8.00    8.00    8.00
shenzhugeliang  7.00    7.00    7.00    7.00    7.00    7.00    7.00
shencaocao      5.00    5.00    5.00    5.00    5.00    5.00    5.00
shenlvbu        8.00    8.00    8.00    8.00    8.00    8.00    8.00     
shenzhaoyun     9.00	9.00	9.00	9.00	9.00	9.00	9.00
shensimayi      9.00	9.00	9.00	9.00	9.00	9.00	9.00
zhugejin        7.00    7.00    7.00    7.00    7.00    7.00    7.00
caozhi	        3.23	5.06	6.47	7.55	7.09	6.54	5.31
yujin	        7.31	7.01	7.00	6.47	6.95	7.36	7.53
xushu	        0.01	0.01	0.01	0.01	0.01	0.01	0.01
masu	        0.01	0.01	0.01	0.01	0.01	0.01	0.01
fazheng	        0.01	0.01	0.01	0.01	0.01	0.01	0.01
lingtong	4.10	6.53	7.62	7.53	7.56	6.60	5.08
xusheng	        6.95	8.35	7.96	7.91	7.96	8.52	6.67
wuguotai	4.38	7.10	7.99	8.21	8.42	6.53	4.52
chengong	3.88	6.77	7.99	8.43	8.13	7.00	4.44
gaoshun	        3.72	5.15	6.52	7.26	6.82	5.28	4.45
xunyou          7.00    7.00    7.00    7.00    7.00    7.00    7.00
wangyi          8.00    8.00    8.00    8.00    8.00    8.00    8.00
caozhang        6.00    6.00    6.00    6.00    6.00    6.00    6.00
madai           0.01	0.01	0.01	0.01	0.01	0.01	0.01
guanxingzhangbao 0.01	0.01	0.01	0.01	0.01	0.01	0.01
liaohua         0.01	0.01	0.01	0.01	0.01	0.01	0.01
chengpu         7.00    7.00    7.00    7.00    7.00    7.00    7.00
bulianshi       5.64	7.82	8.66	10.18	9.92	8.49	5.16
handang         7.00    7.00    7.00    7.00    7.00    7.00    7.00
liubiao         4.00    4.00    4.00    4.00    4.00    4.00    4.00
huaxiong        6.00    6.00    6.00    6.00    6.00    6.00    6.00
zhonghui        6.80    6.80    6.80    6.80    6.80    6.80    6.80
nosfazheng		0.01	0.01	0.01	0.01	0.01	0.01	0.01
nosxushu		0.01	0.01	0.01	0.01	0.01	0.01	0.01
yangxiu         7.00    7.00    7.00    7.00    7.00    7.00    7.00
gongsunzan	5.00    5.00    5.00    5.00    5.00    5.00    5.00
yuanshu	        8.82	8.99	9.09	9.01	9.01	9.07	8.38
sp_guanyu       7.00    7.00    7.00    7.00    7.00    7.00    7.00
bgm_zhaoyun     8.50    8.50    8.50    8.50    8.50    8.50    8.50
bgm_diaochan    8.00    7.00    7.00    7.00    7.00    7.00    8.00
bgm_caoren      5.00    5.00    5.00    5.00    5.00    5.00    5.00
bgm_pangtong    8.70    8.70    8.70    8.70    8.70    8.70    8.70
bgm_zhangfei	0.01	0.01	0.01	0.01	0.01	0.01	0.01
bgm_lvmeng		5.42	6.76	6.55	6.23	6.35	6.17	5.48
bgm_liubei		0.01	0.01	0.01	0.01	0.01	0.01	0.01