caocao				0.01	0.01	0.01	0.01	0.01	0.01	0.01
simayi				7.42	7.56	7.55	7.51	7.81	8.09	8.23
xiahoudun			7.87	7.60	7.12	7.04	7.12	7.00	7.89
zhangliao			9.23	9.12	7.98	7.90	7.92	7.95	7.92
xuchu				6.45	6.99	6.10	6.87	6.22	6.45	6.74
guojia				8.81	8.61	8.21	8.54	7.98	8.24	8.36
zhenji				8.97	9.00	9.15	8.79	8.68	8.61	8.85
xiahouyuan			6.65	6.60	7.06	7.14	6.85	6.62	7.37
zhanghe				8.66	8.80	7.99	7.88	7.91	8.05	8.30
xuhuang				5.89	7.19	9.98	7.46	9.89	7.19	4.47
caoren				8.00	7.87	7.54	7.92	7.07	7.88	7.75
dianwei				2.11	4.38	5.56	6.74	5.99	4.27	2.40
xunyu				7.19	7.39	7.21	7.43	7.25	7.29	7.44
caopi				7.97	7.28	6.64	7.45	7.75	6.44	6.77
dengai				8.00	8.10	7.83	7.66	7.72	8.05	7.85
liubei				6.78	6.59	6.30	5.66	5.50	5.90	6.59
guanyu				5.73	5.19	5.16	5.50	5.22	5.10	5.73
zhangfei			2.43	2.83	3.54	2.86	3.53	2.72	2.49
zhugeliang			5.67	5.85	5.70	5.40	5.61	5.63	7.82
zhaoyun				5.07	5.13	5.86	5.45	5.82	5.27	5.17
machao				5.44	4.04	4.32	4.23	4.27	4.13	4.93
huangyueying		5.19	5.59	5.28	5.53	5.64	5.07	4.55
huangzhong			4.44	4.27	4.25	4.96	4.14	4.15	4.15
weiyan				5.49	4.13	4.60	4.12	4.58	4.43	4.87
pangtong			4.42	6.02	8.02	8.42	8.06	6.76	5.65
wolong				5.97	5.71	5.73	5.46	5.52	5.35	6.68
jiangwei			5.87	5.60	5.12	5.24	5.12	5.00	5.89
liushan				5.14	5.02	4.98	5.01	5.11	5.11	5.01
menghuo				4.03	5.72	5.31	5.86	5.34	5.17	5.08
zhurong				7.22	6.64	7.04	7.10	7.55	7.64	7.85
sunquan				6.00	6.50	6.50	6.50	6.50	6.50	6.50
ganning				4.36	5.88	5.56	5.92	6.60	6.94	7.52
lvmeng				2.83	4.65	5.46	5.65	5.92	4.40	3.15
huanggai			2.80	3.13	4.06	3.77	3.18	2.97	2.38
zhouyu				5.71	5.64	6.05	6.00	6.13	6.12	6.09
daqiao				3.09	3.34	3.82	3.74	3.86	3.40	2.56
luxun				5.02	4.88	5.14	5.07	5.21	4.86	5.21
sunshangxiang		5.70	5.14	5.28	5.85	5.89	5.71	5.95
sunjian				5.58	5.34	5.75	5.78	5.57	5.62	5.39
sunce				5.68	5.44	5.85	5.88	5.67	5.72	5.49
xiaoqiao			7.39	8.15	8.30	8.16	7.97	7.24	7.77
taishici			5.40	5.36	5.02	5.25	5.27	5.24	5.36
zhoutai				4.46	4.82	4.83	4.90	4.69	4.53	4.80
lusu				5.41	5.08	5.35	5.01	5.06	5.06	5.08
erzhang				5.98	5.79	5.50	5.66	5.50	5.40	5.79
huatuo				7.78	7.59	7.30	6.66	6.50	6.90	7.59
lvbu				3.31	6.19	6.43	6.18	6.44	6.24	6.03
diaochan			6.14	6.88	6.88	6.86	6.71	6.85	6.53
yuanshao			7.94	7.92	7.94	7.95	7.01	7.85	7.86
yanliangwenchou		4.94	5.27	5.66	5.16	5.57	5.22	5.58
dongzhuo			5.47	5.41	5.75	5.70	5.90	5.73	5.46
jiaxu				6.22	6.14	6.06	6.06	6.15	6.17	6.26
pangde				5.37	5.42	5.25	5.07	5.28	5.84	5.88
zuoci				8.00	8.00	8.00	8.00	8.00	8.00	8.00
zhangjiao			4.62	5.83	6.54	6.53	6.33	5.49	4.45
yuji				5.50	5.80	6.05	6.07	6.07	5.80	5.50
caiwenji			6.05	6.07	7.24	7.22	6.70	6.51	6.01
shenguanyu			4.80	5.23	5.55	6.07	5.22	5.25	4.80
shenlvmeng			8.08	8.55	9.55	9.55	9.41	8.85	8.05
shenzhouyu			4.55	5.26	5.38	5.89	5.89	5.22	4.98
shenzhugeliang		7.11	8.43	8.97	8.95	8.71	8.65	7.72
shencaocao			7.24	7.44	8.55	8.45	8.40	8.55	7.95
shenlvbu			7.58	7.94	7.95	8.95	8.95	7.63	5.55
shenzhaoyun			8.01	8.13	8.95	9.03	8.62	7.98	7.78
shensimayi			8.15	8.45	9.02	9.01	9.17	8.60	8.02
caozhi				6.96	6.99	6.97	7.01	6.64	6.73	6.33
chengong			6.34	6.86	6.15	6.18	5.97	6.10	6.16
fazheng				5.57	5.61	5.55	5.19	5.44	5.06	5.08
gaoshun				3.25	3.40	3.56	3.50	3.36	3.21	4.39
lingtong			5.07	6.03	5.54	5.46	5.38	5.63	5.92
masu				5.38	5.40	5.52	5.43	5.52	5.67	5.62
wuguotai			7.73	8.04	7.84	7.33	7.52	7.12	6.27
xusheng				5.56	5.21	5.70	5.61	5.02	5.00	5.07
xushu				6.54	6.55	6.64	6.71	6.71	6.94	6.71
yujin				7.89	7.71	7.62	7.48	7.68	7.68	7.94
zhangchunhua		3.55	5.95	8.95	8.97	8.55	5.95	4.03
zhonghui			7.93	8.34	8.68	8.75	8.66	8.23	8.05
bulianshi			7.04	7.05	7.34	7.31	7.31	7.24	7.01
caozhang			6.55	7.88	8.15	8.45	7.56	7.33	7.08
chengpu				5.08	6.03	6.00	6.37	6.28	6.16	5.92
guanxingzhangbao	6.72	6.83	6.61	6.55	6.55	6.80	6.94
handang				5.22	5.15	5.92	5.96	6.12	5.28	4.45
huaxiong			3.50	4.15	4.15	4.51	4.67	4.27	3.49
liaohua				4.17	4.83	5.18	5.29	5.29	5.10	4.96
liubiao				5.25	6.01	6.76	6.67	6.54	6.02	6.02
madai				5.53	6.09	6.63	6.33	6.33	6.14	5.84
wangyi				7.88	8.02	8.28	8.72	8.54	8.36	7.90
xunyou				7.13	8.05	8.99	9.01	8.84	8.26	8.67
yangxiu				6.94	6.95	7.24	7.21	7.21	7.14	6.91
gongsunzan			4.88	5.02	4.44	4.58	4.39	4.88	4.10
yuanshu				7.55	8.04	8.32	8.30	8.13	7.66	7.75
sp_guanyu			6.73	6.19	6.16	6.50	6.22	6.10	6.73
caohong				6.28	6.22	7.84	7.84	7.54	6.95	6.55
guanyinping			5.12	6.02	6.75	6.78	6.71	5.58	5.48
fuwan				5.47	5.47	5.30	5.12	5.33	5.88	5.98
liuxie				6.01	6.55	7.33	7.22	7.18	6.92	6.23
lingju				4.22	4.98	5.92	5.91	5.76	4.62	4.18
bgm_zhaoyun			6.07	6.13	6.86	6.45	6.82	6.27	6.17
bgm_diaochan		5.25	5.81	5.65	5.70	5.80	5.99	5.84
bgm_caoren			8.20	8.07	7.74	8.12	7.27	8.18	8.15
bgm_pangtong		8.45	8.55	9.77	9.99	9.99	8.83	7.99
bgm_zhangfei		5.22	6.22	6.95	6.88	6.81	5.78	5.68
bgm_lvmeng			6.01	5.94	6.35	6.30	6.43	6.82	6.59
bgm_liubei			5.20	5.45	5.28	5.30	5.58	5.71	5.33
bgm_daqiao			5.05	5.88	5.76	5.69	5.85	5.70	5.84
bgm_ganning			4.56	5.89	5.66	5.52	5.92	5.64	5.62
bgm_xiahoudun		7.97	7.70	7.92	7.94	7.92	7.70	7.99
diy_simazhao		7.85	7.65	7.41	7.48	7.38	7.49	7.45
diy_wangyuanji		7.95	8.01	8.11	8.11	8.01	7.98	7.78
diy_liuxie			6.93	7.00	7.22	7.35	7.21	6.86	6.78
diy_gongsunzan		5.63	5.75	5.38	5.36	5.57	5.63	5.97
yuejin				7.15	7.35	7.75	7.74	7.51	7.22	6.89
ganfuren			4.25	5.18	5.52	5.57	5.58	5.18	4.77
dingfeng			5.22	5.15	5.92	5.96	6.12	5.28	4.45
heg_luxun			5.02	4.89	5.15	5.08	5.22	4.87	5.22
mateng				3.88	3.69	3.40	2.76	2.60	2.95	3.59
kongrong			4.94	4.95	5.24	4.61	4.59	4.94	4.71
jiling				5.20	6.52	7.15	7.24	6.95	6.46	5.28
tianfeng			2.90	2.91	3.20	2.55	2.54	2.90	2.66
panfeng				4.98	5.55	5.50	5.68	5.79	5.88	5.10
zoushi				5.30	5.95	5.98	5.84	5.70	5.50	5.33
zhugejin			6.15	7.02	7.11	7.05	7.00	6.95	6.60
chenlin				5.50	7.19	7.29	7.79	7.55	7.02	7.02
nos_zhouyu			5.75	5.69	6.09	6.06	6.18	6.17	6.14
nos_zhonghui		7.02	7.70	7.95	7.95	7.95	7.82	7.39
weiwudi				5.88	6.62	6.33	6.55	6.67	6.67	6.60
nos_fazheng			5.67	5.81	5.75	5.39	5.64	5.36	5.38
nos_lingtong		5.08	6.04	5.55	5.47	5.39	5.64	5.93
nos_xushu			2.55	2.56	2.65	2.72	2.72	2.95	2.72
nos_zhangchunhua	3.56	4.96	8.96	8.98	8.56	5.96	4.05
nos_handang			7.22	7.15	7.92	7.96	7.12	7.28	7.45
neo_xiahoudun		8.07	7.80	8.02	8.84	8.82	8.40	8.05
neo_xuchu			6.46	7.00	6.11	6.88	6.23	6.46	6.75
neo_caoren			8.01	7.88	7.55	7.93	7.08	7.99	7.96
neo_guanyu			5.83	5.29	5.26	5.60	5.32	5.20	5.83
neo_zhangfei		2.44	2.93	3.64	2.96	3.63	2.82	2.50
neo_zhaoyun			5.17	5.33	5.96	5.55	5.92	5.47	5.27
neo_zhouyu			6.01	5.94	6.45	6.40	6.53	6.42	6.49
neo_zhoutai			5.26	5.62	5.63	5.70	5.49	5.33	5.60
neo_gongsunzan		5.08	5.22	4.64	4.78	4.59	4.98	4.30
gh_zhangliao		9.23	9.12	7.98	7.90	7.92	7.95	7.92