caocao				7.02	7.24	7.11	7.07	7.12	7.15	7.12
simayi				7.12	7.26	7.25	7.21	7.51	7.59	7.53
xiahoudun			7.87	7.90	7.72	7.84	7.82	7.80	7.89
zhangliao			9.23	9.12	7.98	7.90	7.92	7.95	7.92
xuchu				5.45	5.99	6.10	6.87	6.22	6.45	5.74
guojia				8.81	8.61	8.21	8.54	7.98	8.24	8.36
zhenji				9.33	9.35	9.85	9.85	9.88	9.95	9.95
xiahouyuan			6.65	6.60	7.06	7.14	6.85	6.62	7.37
zhanghe				8.66	8.80	7.99	7.88	7.91	8.05	8.30
xuhuang				5.89	7.19	9.55	7.46	9.09	7.19	4.47
caoren				8.00	8.87	8.54	8.92	8.97	8.88	8.75
dianwei				2.11	4.38	5.56	6.74	5.99	4.27	2.40
xunyu				7.19	7.39	7.21	7.43	7.25	7.29	7.44
caopi				0.01	0.01	0.01	0.01	0.01	0.01	0.01
dengai				9.30	9.40	9.53	9.56	9.52	9.35	9.35
huatuo				8.78	8.59	8.30	7.66	7.50	7.90	8.59
pangde				5.47	5.52	5.35	5.17	5.38	5.94	5.98
jiaxu				6.42	6.34	6.26	6.26	6.35	6.37	6.46
caiwenji			5.55	5.57	6.74	6.72	6.20	6.01	5.51
shencaocao			9.24	9.44	9.55	9.45	9.40	9.55	8.95
shenlvbu			8.88	8.94	8.95	9.35	9.25	8.83	8.55
caozhi				7.96	7.99	7.97	8.01	7.64	7.73	7.33
yujin				6.89	6.71	6.62	6.48	6.68	6.68	6.94
zhangchunhua		3.55	5.95	8.95	8.97	8.55	5.95	4.03
zhonghui			7.93	8.34	8.68	8.75	8.66	8.23	8.05
caozhang			6.55	7.88	8.15	8.45	7.56	7.33	7.08
wangyi				9.18	9.02	9.28	9.72	9.54	9.36	9.20
xunyou				7.13	8.05	8.99	9.01	8.84	8.26	8.67
yangxiu				4.94	4.95	5.24	5.21	5.21	5.14	4.91
sp_guanyu			5.93	5.39	5.36	5.70	5.42	5.30	5.93
caohong				6.28	6.22	7.84	7.84	7.54	6.95	6.55
bgm_diaochan		7.25	7.81	7.65	7.70	7.80	7.99	7.84
bgm_caoren			9.00	9.37	9.24	9.12	9.17	9.08	9.15
bgm_xiahoudun		7.86	7.89	7.71	7.83	7.81	7.79	7.88
diy_simazhao		7.85	7.65	7.41	7.48	7.38	7.49	7.45
diy_wangyuanji		7.95	8.01	8.11	8.11	8.01	7.98	7.78
yuejin				7.15	7.35	7.75	7.74	7.51	7.22	6.89
chenlin				5.50	7.19	7.29	7.79	7.55	7.02	7.02
nos_zhonghui		7.02	7.70	7.95	7.95	7.95	7.82	7.39
nos_zhangchunhua	3.56	4.96	8.96	8.98	8.56	5.96	4.05
neo_xiahoudun		8.87	8.90	8.72	8.84	8.82	8.80	8.89
neo_xuchu			5.55	6.09	6.20	6.97	6.32	6.55	5.84
neo_caoren			8.10	8.97	8.64	9.02	9.07	8.98	8.85
gh_zhangliao		9.03	8.92	7.88	7.80	7.82	7.85	7.82