simayi					6.62	6.76	6.75	6.71	6.91	6.99	6.73
zhenji					4.97	5.00	5.15	4.79	4.68	4.61	4.85
machao					6.44	6.14	6.32	6.23	6.27	6.23	6.13
huangyueying			4.69	5.09	4.78	5.03	5.14	4.57	4.05
zhurong					4.52	4.64	4.64	4.60	4.65	4.74	4.35
daqiao					2.59	2.84	3.32	3.24	3.36	2.90	2.06
sunshangxiang			5.20	4.64	4.78	5.35	5.39	5.21	4.95
xiaoqiao				4.89	5.15	5.20	5.06	5.37	4.74	4.57
zhoutai					2.46	2.82	2.83	2.90	2.69	2.53	2.80
huatuo					7.98	7.79	7.50	6.86	6.70	7.10	7.79
lvbu					4.31	7.19	7.43	6.68	7.04	7.24	7.03
diaochan				5.04	6.98	6.98	6.96	6.81	6.95	5.23
yuanshao				6.94	6.92	7.94	7.95	7.51	7.35	7.86
yanliangwenchou			5.94	6.27	6.66	6.16	6.57	6.22	6.58
dongzhuo				0.01	0.01	0.01	0.01	0.01	0.01	0.01
jiaxu					6.52	6.44	6.36	6.36	6.45	6.47	6.56
pangde					5.87	5.92	5.75	5.67	6.08	5.94	5.98
zhangjiao				6.62	7.83	7.94	7.93	7.83	7.49	6.95
yuji					5.80	5.90	6.15	6.27	6.27	5.90	5.60
caiwenji				4.95	5.07	6.34	6.32	5.80	5.51	4.91
shenlvbu				8.58	8.94	8.95	9.95	9.95	8.63	7.55
chengong				6.64	6.96	6.55	6.58	6.37	6.40	6.46
gaoshun					3.85	3.90	4.16	4.10	4.06	3.81	4.59
huaxiong				3.60	4.25	4.25	4.61	4.77	4.37	3.59
liubiao					5.45	6.21	6.66	6.77	6.64	6.12	6.12
gongsunzan				4.98	5.12	4.64	4.78	4.69	4.98	4.30
yuanshu					7.95	8.54	8.72	8.70	8.43	7.96	7.95
fuwan					6.47	6.47	6.30	6.12	6.33	6.88	6.98
liuxie					6.11	6.65	7.83	7.32	7.28	7.02	6.33
lingju					4.22	4.98	5.92	6.01	5.86	4.72	4.18
bgm_zhaoyun				7.07	7.13	7.86	7.45	7.82	7.27	7.17
bgm_diaochan			5.25	5.91	6.05	6.00	6.00	5.89	5.74
bgm_pangtong			8.55	8.65	8.87	8.99	8.99	8.83	7.49
bgm_ganning				4.66	5.99	5.76	5.62	6.02	5.74	5.72
diy_liuxie				5.13	5.70	5.92	6.05	5.91	5.46	5.38
diy_gongsunzan			5.73	5.85	5.48	5.46	5.67	5.73	6.07
mateng					3.98	3.79	3.50	2.86	2.70	3.05	3.69
kongrong				5.04	5.05	5.34	4.71	4.69	5.04	4.81
jiling					5.80	7.02	7.55	7.84	7.25	6.96	6.28
tianfeng				3.00	3.01	3.30	2.65	2.64	3.00	2.76
panfeng					5.08	5.65	5.60	5.78	5.89	5.98	5.20
zoushi					5.30	5.95	6.98	6.84	6.70	5.80	5.33
zhugejin				6.25	7.12	7.21	7.15	7.10	7.05	6.70
neo_gongsunzan			5.18	5.32	4.74	4.88	4.79	5.08	4.40