xuchu					2.55	4.29	3.30	4.07	3.52	3.65	3.84
xiahouyuan				3.85	4.80	4.76	4.94	5.05	4.82	5.17
zhanghe					6.06	6.20	6.39	6.28	6.31	6.45	6.70
xuhuang					5.09	5.39	7.18	6.66	7.09	5.39	4.67
xunyu					9.19	9.39	9.21	9.43	9.25	9.29	9.44
liubei					7.48	7.29	7.00	7.36	7.20	7.10	7.29
guanyu					5.93	5.39	5.36	5.70	5.42	5.30	5.93
zhangfei				3.43	3.83	4.54	3.86	4.53	3.72	3.49
zhugeliang				5.77	5.95	5.80	5.50	5.71	5.73	7.92
zhaoyun					5.27	5.33	5.96	5.55	5.92	5.37	5.27
machao					4.64	4.34	4.52	4.43	4.47	4.43	4.33
huangyueying			7.19	7.59	7.28	7.53	7.64	7.07	6.55
huangzhong				4.64	4.47	4.45	5.16	4.34	4.35	4.35
weiyan					4.69	5.03	5.10	5.32	5.08	4.93	4.37
pangtong				4.92	6.52	8.52	8.92	8.56	7.26	6.15
wolong					6.17	5.91	5.93	5.66	5.72	5.55	6.88
jiangwei				6.07	5.80	5.32	5.44	5.32	5.20	6.09
liushan					6.14	6.02	5.98	6.01	6.11	6.11	6.01
menghuo					4.53	6.22	5.81	6.36	5.84	5.67	5.58
zhurong					5.22	5.34	5.34	5.30	5.35	5.44	5.05
sunquan					7.00	7.50	7.50	7.50	7.50	7.50	7.50
ganning					5.36	6.88	6.56	6.92	7.60	7.94	8.52
daqiao					4.09	4.34	4.82	4.74	4.86	4.40	2.86
luxun					4.82	4.68	4.94	4.87	5.01	4.66	5.01
sunshangxiang			6.70	6.14	6.28	6.85	6.89	6.71	6.95
xiaoqiao				6.39	6.65	6.70	6.56	6.97	6.24	6.07
taishici				5.70	5.66	5.32	5.55	5.57	5.54	5.66
lusu					8.41	8.08	8.35	8.01	8.06	8.06	8.08
huatuo					7.98	7.79	7.50	6.86	6.70	7.10	7.79
yuanshao				5.44	5.42	6.44	6.45	6.01	5.85	6.36
yanliangwenchou			5.94	6.27	6.66	6.16	6.57	6.22	6.58
zhangjiao				6.12	7.33	7.04	7.53	7.33	6.49	5.45
caiwenji				5.25	5.27	6.44	6.42	5.90	5.71	5.21
shenzhaoyun				8.51	8.63	9.45	9.53	9.12	8.48	8.28
fazheng					7.57	7.61	7.55	7.19	7.44	7.06	7.08
gaoshun					3.45	3.60	3.76	3.70	3.56	3.41	4.59
lingtong				6.07	7.03	6.54	6.46	6.38	6.63	6.92
masu					5.88	5.90	6.02	5.93	6.02	6.17	6.12
xushu					6.94	6.95	7.04	7.11	7.11	7.34	7.11
zhangchunhua			5.35	5.75	5.95	6.07	5.85	5.95	5.83
guanxingzhangbao		6.02	6.13	5.91	5.85	5.85	6.10	6.34
liaohua					4.37	5.03	5.38	5.49	5.49	5.30	5.16
madai					5.63	6.19	6.73	6.43	6.43	6.24	5.94
guanyinping				5.32	6.22	6.95	6.98	6.91	5.78	5.68
xiahouba				4.18	4.27	4.42	4.44	4.34	4.28	4.06
erqiao					5.39	5.65	5.70	5.56	5.97	5.24	5.07
zhugeke					5.58	6.65	7.00	7.30	7.30	6.42	5.58
bgm_zhangfei			5.32	6.32	7.05	6.98	6.91	5.88	5.78
bgm_liubei				5.30	5.55	5.38	5.40	5.68	5.81	5.43
bgm_daqiao				6.15	6.98	6.86	6.79	6.95	6.80	6.94
bgm_ganning				5.56	6.89	6.66	6.52	6.92	6.64	6.62
bgm_xiahoudun			4.97	5.70	5.92	5.94	5.92	5.70	4.99
ganfuren				5.25	6.18	6.52	6.57	6.58	6.18	5.77
dingfeng				5.72	5.65	6.42	6.46	6.62	5.78	4.95
heg_luxun				7.02	6.89	7.15	7.08	7.22	6.87	7.22
kongrong				5.94	5.95	6.24	5.61	5.59	5.94	5.71
vs_guanyu				6.13	5.59	5.56	5.90	5.62	5.50	6.03
vs_zhaoyun				6.77	6.83	7.56	7.15	7.52	6.97	6.87
nos_liubei				0.01	0.01	0.01	0.01	0.01	0.01	0.01
nos_huangyueying		7.19	7.59	7.28	7.53	7.64	7.07	6.55
nos_fazheng				5.77	5.91	5.85	5.49	5.74	5.46	5.48
nos_xushu				6.55	6.56	6.65	6.72	6.72	6.95	6.72
nos_zhangchunhua		5.36	5.76	5.96	6.08	5.86	5.96	5.84
nos_guanxingzhangbao	6.72	6.83	6.61	6.55	6.55	6.80	6.94
nos_madai				5.93	6.49	7.03	6.73	6.73	6.44	6.14
neo_guanyu				5.98	5.44	5.41	5.75	5.47	5.35	5.98
neo_zhangfei			3.44	3.93	4.64	3.96	4.63	3.82	3.50
neo_zhaoyun				5.37	5.43	6.06	5.65	6.02	5.57	5.37